com 102 1090 1 3 12 1 4 1417 1 0 1419 1 0 1423 1 0 1461 1 2 1468 1 7 1488 1 2 1511 1 3 1515 1 0 1517 1 9 1527 1 0 1536 1 3 1538 1 0 1562 1 0 1577 1 1 1744 1 1 2034 1 0 2151 1 0 2153 1 2 2204 1 6 2227 1 4 2281 1 0 2367 1 1 2504 1 0 2673 1 3 2692 1 0 2968 1 0 3025 1 2 3067 1 0 3293 1 6 3368 1 3 3384 1 1 3419 1 1 3445 1 1 3510 1 7 355 1 1 3579 1 0 3581 1 2 3582 1 4 3597 1 0 3688 1 0 37 2 4 2 4119 1 15 4122 1 5 422 1 1 4277 1 0 4477 1 0 4479 1 3 4625 1 0 4745 1 4 476 1 0 477 1 1 478 1 5 481 1 1 4820 1 3 4845 1 1 4898 1 9 4951 1 4 5057 1 3 5203 1 1 5237 1 4 5289 1 0 5310 1 4 5534 1 6 5697 1 0 5712 1 1 5713 1 1 5736 1 0 5816 1 2 5886 1 0 5901 2 6 1 6069 1 2 6152 1 0 6407 1 5 6466 1 6 6536 1 1 6655 1 1 6656 1 1 6659 1 0 6872 1 0 6954 1 0 7007 1 6 7034 1 0 7037 1 0 7053 1 0 7321 1 0 7662 1 1 7664 1 3 79 1 0 8557 1 0 8583 1 0 8598 1 4 8627 1 1 8628 1 2 8632 1 2 8725 1 0 8726 1 0 8910 1 3 8916 1 0 8954 1 7 9006 1 3 
coma 1 3384 1 1 
comb 4 3445 1 1 5712 1 1 5713 1 1 6069 1 2 
comba 4 3445 1 1 5712 1 1 5713 1 1 6069 1 2 
combat 4 3445 1 1 5712 1 1 5713 1 1 6069 1 2 
come 8 1577 1 1 355 1 1 5203 1 1 6152 1 0 6655 1 1 6656 1 1 8557 1 0 8583 1 0 
comed 4 1577 1 1 355 1 1 6655 1 1 6656 1 1 
comedi 1 1577 1 1 
comedy 3 355 1 1 6655 1 1 6656 1 1 
comf 6 3510 1 7 6407 1 5 6872 1 0 8725 1 0 8726 1 0 9006 1 3 
comfo 6 3510 1 7 6407 1 5 6872 1 0 8725 1 0 8726 1 0 9006 1 3 
comfor 6 3510 1 7 6407 1 5 6872 1 0 8725 1 0 8726 1 0 9006 1 3 
comi 5 4745 1 4 476 1 0 5736 1 0 5886 1 0 79 1 0 
comic 1 4745 1 4 
comics 1 4745 1 4 
comin 4 476 1 0 5736 1 0 5886 1 0 79 1 0 
coming 4 476 1 0 5736 1 0 5886 1 0 79 1 0 
comm 18 1090 1 3 1461 1 2 1488 1 2 1744 1 1 2673 1 3 3025 1 2 3368 1 3 4119 1 15 422 1 1 478 1 5 481 1 1 4820 1 3 5237 1 4 5901 2 6 1 8598 1 4 8627 1 1 8628 1 2 8632 1 2 
comma 4 8598 1 4 8627 1 1 8628 1 2 8632 1 2 
comman 3 8627 1 1 8628 1 2 8632 1 2 
commas 1 8598 1 4 
comme 2 1461 1 2 1744 1 1 
commen 2 1461 1 2 1744 1 1 
commi 1 5901 2 6 1 
commis 1 5901 2 6 1 
commo 5 2673 1 3 3025 1 2 3368 1 3 422 1 1 481 1 1 
common 5 2673 1 3 3025 1 2 3368 1 3 422 1 1 481 1 1 
commu 6 1090 1 3 1488 1 2 4119 1 15 478 1 5 4820 1 3 5237 1 4 
commun 5 1488 1 2 4119 1 15 478 1 5 4820 1 3 5237 1 4 
commut 1 1090 1 3 
como 2 2034 1 0 6954 1 0 
comoe 1 2034 1 0 
comoed 1 2034 1 0 
comp 58 12 1 4 1417 1 0 1419 1 0 1423 1 0 1468 1 7 1511 1 3 1515 1 0 1517 1 9 1527 1 0 1536 1 3 1538 1 0 1562 1 0 2151 1 0 2153 1 2 2204 1 6 2227 1 4 2281 1 0 2367 1 1 2504 1 0 2692 1 0 2968 1 0 3067 1 0 3293 1 6 3419 1 1 3579 1 0 3581 1 2 3582 1 4 3597 1 0 3688 1 0 37 2 4 2 4122 1 5 4277 1 0 4477 1 0 4479 1 3 4625 1 0 477 1 1 4845 1 1 4898 1 9 4951 1 4 5057 1 3 5289 1 0 5310 1 4 5534 1 6 5697 1 0 5816 1 2 6466 1 6 6536 1 1 6659 1 0 7007 1 6 7034 1 0 7037 1 0 7053 1 0 7321 1 0 7662 1 1 7664 1 3 8910 1 3 8916 1 0 8954 1 7 
compa 12 1511 1 3 2227 1 4 2367 1 1 37 1 4 4122 1 5 5057 1 3 5310 1 4 5816 1 2 6466 1 6 7034 1 0 7037 1 0 7053 1 0 
compan 12 1511 1 3 2227 1 4 2367 1 1 37 1 4 4122 1 5 5057 1 3 5310 1 4 5816 1 2 6466 1 6 7034 1 0 7037 1 0 7053 1 0 
compe 2 4898 1 9 8954 1 7 
compet 2 4898 1 9 8954 1 7 
compl 42 12 1 4 1417 1 0 1419 1 0 1423 1 0 1468 1 7 1515 1 0 1517 1 9 1527 1 0 1536 1 3 1538 1 0 1562 1 0 2151 1 0 2153 1 2 2281 1 0 2504 1 0 2692 1 0 2968 1 0 3067 1 0 3419 1 1 3579 1 0 3581 1 2 3582 1 4 3597 1 0 3688 1 0 37 1 2 4277 1 0 4477 1 0 4479 1 3 4625 1 0 477 1 1 4845 1 1 5289 1 0 5534 1 6 5697 1 0 6536 1 1 6659 1 0 7007 1 6 7321 1 0 7662 1 1 7664 1 3 8910 1 3 8916 1 0 
comple 40 12 1 4 1417 1 0 1419 1 0 1423 1 0 1468 1 7 1515 1 0 1517 1 9 1527 1 0 1536 1 3 1538 1 0 1562 1 0 2151 1 0 2153 1 2 2281 1 0 2504 1 0 2692 1 0 2968 1 0 3067 1 0 3419 1 1 3579 1 0 3581 1 2 3582 1 4 3597 1 0 3688 1 0 37 1 2 4277 1 0 4625 1 0 477 1 1 4845 1 1 5289 1 0 5534 1 6 5697 1 0 6536 1 1 6659 1 0 7007 1 6 7321 1 0 7662 1 1 7664 1 3 8910 1 3 8916 1 0 
compli 2 4477 1 0 4479 1 3 
compo 1 2204 1 6 
compos 1 2204 1 6 
compr 1 3293 1 6 
compre 1 3293 1 6 
compu 1 4951 1 4 
compul 1 4951 1 4 
